# time, speed, Torque, roll, rollrate, steer, steerrate
0.001,0.02311344660730585,0,0.010000037775634083,-5.6865645665850274e-08,3.777448622088544e-05,0.0
0.002,0.031091769576823386,0,0.010000142884530093,-1.6614816184003178e-07,0.00010510643569132036,-0.0001092825161741815
0.003,0.0407483485083917,0,0.010000337736590911,-3.1373123556195424e-07,0.0001948485211001811,-0.00014758307372192246
0.004,0.05031023546680244,0,0.010000638934767275,-4.788791820040964e-07,0.0003011935471731768,-0.00016514794644214217
0.005,0.050293523617968974,0,0.010001101398409987,-5.650906158245136e-07,0.00046246373938769076,-8.621143382041715e-05
0.006,0.04960348913047108,0,0.01000174372886025,-4.895655666965377e-07,0.0006423343376571487,7.552504912797585e-05
0.007,0.04849661891163686,0,0.010002555328930766,-2.223615416022559e-07,0.0008116065679559446,0.0002672040250942818
0.008,0.051757811061507536,0,0.010003558327433538,2.0810381925799745e-07,0.001003003904179543,0.00043046536086025335
0.009000000000000001,0.055020933579749486,0,0.010004764812639951,7.810697991417057e-07,0.00120648941862409,0.0005729659798837082
0.010000000000000002,0.05761396544756223,0,0.010006173739176073,1.5096321179910894e-06,0.0014089293481810723,0.0007285623188493836
0.011000000000000003,0.059218826783808784,0,0.010007788317982321,2.410825306877345e-06,0.0016145802090900196,0.0009011931888862554
0.012000000000000004,0.059769328357507104,0,0.01000961548486767,3.5033842738774133e-06,0.0018271669200772978,0.0010925589670000683
0.013000000000000005,0.05933796747069198,0,0.010011664427097496,4.806829651431432e-06,0.002048940931883502,0.0013034453775540192
0.014000000000000005,0.05136733291400456,0,0.010013911617805318,6.322384977948286e-06,0.0022471858059518956,0.001515555326516854
0.015000000000000006,0.04514033246540587,0,0.010016416892801588,8.120098617194418e-06,0.0025052646295458947,0.0017977136392461313
0.016000000000000007,0.04164934185799165,0,0.010019143503850305,1.0208636191734574e-05,0.0027265964626433607,0.002088537574540156
0.017000000000000008,0.04007850089596212,0,0.010022115186214283,1.2567648437750254e-05,0.002971664781136585,0.00235901224601568
0.01800000000000001,0.038260798992993256,0,0.010025336179545763,1.5186865883106818e-05,0.0032209733934128633,0.002619217445356564
0.01900000000000001,0.036076931002418385,0,0.0100288055103299,1.807453868813197e-05,0.003469309073332568,0.0028876728050251524
0.02000000000000001,0.033772247989332746,0,0.01003252292677058,2.123803799953814e-05,0.0037173933096458847,0.0031634993114061693
0.02100000000000001,0.03179583837398958,0,0.010036487567827063,2.468190918150046e-05,0.003964616794525453,0.0034438711819623213
0.022000000000000013,0.03061548572803695,0,0.010040697499475823,2.840697430102864e-05,0.004209906552588786,0.0037250651195281804
0.023000000000000013,0.030535157390715967,0,0.01004514960514422,3.240996009560366e-05,0.004452080040032721,0.004002985794575019
0.024000000000000014,0.03158061206172031,0,0.01004983955044611,3.668372522272457e-05,0.0046899194343768364,0.004273765127120913
0.025000000000000015,0.03353048509712902,0,0.010054761799262986,4.12179033766278e-05,0.004922222990549966,0.004534178153903224
0.026000000000000016,0.03605358325258713,0,0.010059909712061067,4.599970052390673e-05,0.005147887284815929,0.004781797147278932
0.027000000000000017,0.03883222601030443,0,0.010065275735917848,5.101465726479081e-05,0.005365998923979672,0.005014956740884077
0.028000000000000018,0.04161700735618075,0,0.010070851665735433,5.624729311648017e-05,0.0055759057273057485,0.0052326358516893625
0.02900000000000002,0.04423301220999981,0,0.010076628940252703,6.168162474679199e-05,0.005777251520074914,0.005434331630311817
0.03000000000000002,0.04656812758282873,0,0.010082598936260593,6.730158351745523e-05,0.005969974333836422,0.0056199587706632454
0.03100000000000002,0.04855917725011587,0,0.010088753233802029,7.309136187736826e-05,0.006154277390530099,0.005789778359913031
0.03200000000000002,0.05018054055262218,0,0.010095083837412247,7.903570948019309e-05,0.006330585144196471,0.005944347602824829
0.03300000000000002,3.6277594120478334,0,0.01009964763721754,8.131241018739544e-05,0.0045635939293194,0.0022767007072023475
0.03400000000000002,3.28971012640458,0,0.010102176044327385,7.80877409983112e-05,0.0025275297150249266,-0.0032246691890842403
0.035000000000000024,3.095812938839975,0,0.010103172331071393,6.994366646789428e-05,0.0009955487701214616,-0.008144074530416922
0.036000000000000025,3.0088728920083687,0,0.010102736892328486,5.7068409380917576e-05,-0.0004350408684064586,-0.012875257086976701
0.037000000000000026,2.983608359305254,0,0.010101516102915186,4.0897023772617906e-05,-0.0012191363849453551,-0.01617138560829967
0.03800000000000003,2.9625742925305834,0,0.010100200115310433,2.2277411155844926e-05,-0.0013141199674425194,-0.01861961261677298
0.03900000000000003,2.940736296311534,0,0.0100992175218575,2.8263325288354707e-06,-0.0009811155666105955,-0.019451078627009455
0.04000000000000003,2.9599172111155094,0,0.010098741035043764,-1.624921793721716e-05,-0.0004754289704669722,-0.019075550466052627
0.04100000000000003,2.981786232081492,0,0.010098813674960948,-3.461971958389689e-05,7.325084317107603e-05,-0.018370501646679735
0.04200000000000003,3.0106243644576476,0,0.010099576181195462,-5.1062420269332254e-05,0.0007628621020162645,-0.016442700685435362
0.04300000000000003,3.039795459651476,0,0.010100698192772662,-6.551778177492595e-05,0.0011221796627428294,-0.014455361505593699
0.04400000000000003,3.0676462110665152,0,0.010102134468145087,-7.856599112150192e-05,0.0014363236077492081,-0.013048209346575964
0.04500000000000003,3.090643318985977,0,0.01010382960444519,-8.99658102530679e-05,0.0016951248776824752,-0.011399819131565979
0.046000000000000034,3.1004313898576052,0,0.01010534108500553,-0.00010068786696481022,0.0015114506075678733,-0.010722056711742327
0.047000000000000035,3.1085855302417618,0,0.010107067152477469,-0.00011057460107224744,0.001726032123289312,-0.009886734107437213
0.048000000000000036,3.1107550880629,0,0.010109059255649793,-0.00012011749431191675,0.001992066892754005,-0.009542893239669307
0.04900000000000004,3.1085483352127214,0,0.0101110465125662,-0.00012990310818284537,0.0019872216863924498,-0.00978561387092862
0.05000000000000004,3.094889920460693,0,0.010112989992122217,-0.0001398636382686789,0.0019434506816580922,-0.009960530085833537
0.05100000000000004,3.0828509032162237,0,0.01011524846346842,-0.0001500215820524208,0.0022584512553180448,-0.01015794378374189
0.05200000000000004,3.0755658606397223,0,0.010117435397696228,-0.00016067760271542335,0.002186920461346521,-0.01065602066300256
0.05300000000000004,3.0637865383936367,0,0.01011959021267184,-0.00017161197850861534,0.0021548078615937407,-0.01093437579319199
0.05400000000000004,3.0566598580731354,0,0.010122062865814612,-0.00018273121673400674,0.002472654438973838,-0.011119238225391398
0.05500000000000004,3.0534458338691817,0,0.010124586785960923,-0.00019425144903568013,0.0025239282868244808,-0.011520232301673393
0.05600000000000004,3.0565821246321088,0,0.01012729158130801,-0.00020580229527830156,0.0027048052791487226,-0.011550846242621425
0.057000000000000044,3.0547528416427707,0,0.010130008905513122,-0.0002172200861611667,0.002717332131874934,-0.011417790882865141
0.058000000000000045,3.0571613893884493,0,0.010133052613157643,-0.0002284251591680517,0.0030437173168535447,-0.011205073006884987
0.059000000000000045,3.065583641933826,0,0.010136081932153134,-0.00023954127026726483,0.0030293262004478815,-0.011116111099213143
0.060000000000000046,3.066065085902958,0,0.010139099521606723,-0.0002504028222588346,0.0030175935017719463,-0.010861551991569752
0.06100000000000005,3.0697090440459953,0,0.01014246399783967,-0.0002609573033122782,0.0033644840790661473,-0.010554481053443629
0.06200000000000005,3.079031073263335,0,0.010145820200767847,-0.0002713984257761224,0.0033562107092825443,-0.010441122463844163
0.06300000000000004,3.078418063185683,0,0.010149284802869342,-0.0002819289239553972,0.003464607952178357,-0.01053049817927482
0.06400000000000004,3.0797935070547338,0,0.010153006690648034,-0.0002920253206348867,0.0037218995807055118,-0.010096396679489514
0.06500000000000004,3.916992441971112,0,0.01015490432074006,-0.00030458392019283435,0.0018976571884868378,-0.012558599557947638
0.06600000000000004,3.8220549263660013,0,0.010154667728199111,-0.00031999079037352377,-0.00023652061752316817,-0.015406870180689421
0.06700000000000005,3.763226626390716,0,0.01015285838905666,-0.00033784688391682666,-0.0018091317953875675,-0.017856093543302892
0.06800000000000005,3.7390940305635483,0,0.010150025828029468,-0.00035697046361607144,-0.0028320801868831806,-0.019123579699244782
0.06900000000000005,3.7299891543709505,0,0.010146731898093769,-0.00037721654044833044,-0.0032932832745848017,-0.020246076832259003
0.07000000000000005,3.7360338663590418,0,0.010143474438011281,-0.0003981241504061005,-0.0032567912576095637,-0.02090760995777008
0.07100000000000005,3.755256072945256,0,0.010140619372462785,-0.0004186370390421039,-0.0028544436604939906,-0.02051288863600336
0.07200000000000005,3.7659864017630875,0,0.010138356119621562,-0.00043889233292635453,-0.0022628330371074886,-0.02025529388425065
0.07300000000000005,3.779129985883681,0,0.010136806817015245,-0.00045818699317774184,-0.0015490535357685633,-0.019294660251387305
0.07400000000000005,3.7846833176310737,0,0.01013537367810185,-0.00047707014031092115,-0.0014330388528926614,-0.018883147133179314
0.07500000000000005,3.7918193759323517,0,0.010134445816645653,-0.0004950019571515808,-0.0009278459824822919,-0.01793181684065962
0.07600000000000005,3.7886860931303414,0,0.010133465501017225,-0.0005127789806402191,-0.0009803305575014796,-0.017777023488638296
0.07700000000000005,3.792979614674857,0,0.01013281497661985,-0.000529947638233195,-0.0006505309107026347,-0.01716865759297597
0.07800000000000006,3.798296429092359,0,0.010132365938340236,-0.0005464019820819586,-0.00044902938814546167,-0.01645434384876354
0.07900000000000006,3.7976039100751082,0,0.01013156125322145,-0.0005628598778370662,-0.0008046558417802779,-0.01645789575510767
0.08000000000000006,3.799511738582391,0,0.010131092915765446,-0.0005791962778078182,-0.00046828382614741925,-0.01633639997075198
0.08100000000000006,3.8026760451984423,0,0.010130543026793117,-0.0005954150225464982,-0.0005498231025318807,-0.01621874473867993
0.08200000000000006,3.7999777501002447,0,0.01012997613110537,-0.0006116167435196202,-0.0005668264885623773,-0.016201720973122
0.08300000000000006,3.8010920852428867,0,0.010129811718713772,-0.0006277556047011801,-0.00016434217032551136,-0.01613886118155994
0.08400000000000006,3.7934297048765817,0,0.010129380076299519,-0.0006440216911678861,-0.0004315684502764237,-0.016266086466705996
0.08500000000000006,3.7955275368926333,0,0.010129245361808125,-0.0006600622373762663,-0.00013461933371664304,-0.01604054620838022
0.08600000000000006,3.8001346744195135,0,0.010129197924295699,-0.0006763708994991323,-4.734508865937148e-05,-0.01630866212286601
0.08700000000000006,3.7946688096850196,0,0.010129175012171915,-0.00069254508654647,-2.282346125698343e-05,-0.01617418704733767
0.08800000000000006,3.798660934321899,0,0.010129448747684936,-0.0007083882900753144,0.00027383519490983116,-0.01584320352884436
0.08900000000000007,3.7943425469046104,0,0.010129425025217256,-0.0007242701698887117,-2.3616541274483343e-05,-0.0158818798133973
0.09000000000000007,3.7943754559435874,0,0.010129810329589711,-0.0007399543351571158,0.0003854385194821579,-0.01568416526840418
0.09100000000000007,3.8024994767931846,0,0.010130181767768424,-0.0007556852904145914,0.0003715931267600464,-0.01573095525747559
0.09200000000000007,3.8002183290699976,0,0.010130549594836486,-0.0007712325796604053,0.00036798847837310597,-0.01554728924581391
0.09300000000000007,3.8067728596089694,0,0.010131204518598603,-0.0007864196172096812,0.0006551034415949431,-0.015187037549275811
0.09400000000000007,3.8142017574432288,0,0.010131948374994402,-0.0008017978915900404,0.0007440136916071101,-0.015378274380359281
0.09500000000000007,3.810387669866146,0,0.010132707844257587,-0.0008169854113176635,0.0007595978610958624,-0.015187519727623082
0.09600000000000007,3.815260648699574,0,0.010133754409527594,-0.0008318102830306962,0.0010466799628387345,-0.014824871713032681
0.09700000000000007,3.9820756491866756,0,0.010132552593599508,-0.000849634102743417,-0.001201724197329793,-0.017823819712720804
0.09800000000000007,3.962732272837216,0,0.010129678013269531,-0.0008690424060776725,-0.0028744295180082704,-0.019408303334255448
0.09900000000000007,3.957471838760247,0,0.010125136247781236,-0.0008898871419890488,-0.004541529444465117,-0.02084473591137633
0.10000000000000007,3.9481846809713717,0,0.01011948106743847,-0.0009114862667056672,-0.005654881345018034,-0.0215991247166184
0.10100000000000008,3.9476787690874353,0,0.010113756451603204,-0.000933189733122705,-0.005724265505763177,-0.021703466417037784
0.10200000000000008,3.956012908293016,0,0.01010803439475751,-0.0009548525721128881,-0.005721716381801923,-0.02166283899018308
0.10300000000000008,3.955531585248416,0,0.01010265328834611,-0.0009759749569865535,-0.005380828020206062,-0.021122384873665426
0.10400000000000008,3.9644769165509217,0,0.010097676474389758,-0.0009967089933175276,-0.004976609635004004,-0.02073403633097415
0.10500000000000008,3.9624905763777187,0,0.010093127265698632,-0.0010167731949617062,-0.004549082907528943,-0.020064201644178544
0.10600000000000008,3.9649363034464526,0,0.010089291805758436,-0.0010362106852751865,-0.003835377666095888,-0.019437490313480323
0.10700000000000008,3.963085712531398,0,0.01008536416321696,-0.0010556253893818362,-0.003927578168716098,-0.019414704106649652
0.10800000000000008,3.965175412988168,0,0.010081761984631992,-0.0010744474705190364,-0.0036021025105403563,-0.018822081137200193
0.10900000000000008,3.969510015364365,0,0.010078194496803711,-0.0010932738422983557,-0.003567404802274141,-0.01882637177931935
0.11000000000000008,3.9681533941415954,0,0.010074582227939955,-0.001112078404013259,-0.0036121743737504487,-0.018804561714903193
0.11100000000000008,3.9708473879149526,0,0.010071169260720655,-0.001130413697830978,-0.003412849270493375,-0.018335293817719034
0.11200000000000009,3.969522513614578,0,0.010067391100664562,-0.0011489511418489406,-0.0037780213070045367,-0.018537444017962697
0.11300000000000009,3.971897256776917,0,0.010063968729890715,-0.001167434506268803,-0.00342220557684395,-0.01848336441986247
0.11400000000000009,3.9762123248437033,0,0.010060472534841854,-0.001185787607401257,-0.0034960235485067006,-0.018353101132454006
0.11500000000000009,3.9750890928837683,0,0.010056972006295161,-0.0012040722602477385,-0.0035003625915219936,-0.01828465284648144
0.11600000000000009,3.977834708603948,0,0.010053747465286618,-0.0012218286896806987,-0.0032243767953686778,-0.017756429432960175
0.11700000000000009,3.9713962596177135,0,0.010050368863136847,-0.001239833310926329,-0.0033784345794877625,-0.01800462124563031
0.11800000000000009,3.9747469637359174,0,0.01004731890651269,-0.0012575877768455006,-0.0030497528417743553,-0.01775446591917155
0.11900000000000009,3.9801730363506476,0,0.010044226547510113,-0.0012751826941892225,-0.0030921481424622615,-0.017594917343721934
0.12000000000000009,3.9804519190347922,0,0.01004113825804578,-0.001292712376776862,-0.003088091082866843,-0.017529682587639473
0.1210000000000001,3.9841778951487807,0,0.010038454718620903,-0.0013101183370678128,-0.0026833599564267353,-0.017405960290950775
0.1220000000000001,3.988704529143262,0,0.010035728010905012,-0.0013273509161019254,-0.0027265749559737514,-0.017232579034112596
0.1230000000000001,3.987381926673893,0,0.010033015282519694,-0.001344479935715772,-0.002712650203945533,-0.01712901961384663
0.1240000000000001,3.990071093482565,0,0.010030262994458751,-0.001361446143824459,-0.0027522603971413275,-0.016966208108686952
0.12500000000000008,3.98293971258665,0,0.010027665321975278,-0.0013784206213311924,-0.002597665683424735,-0.016974477506733483
0.12600000000000008,3.986153242415821,0,0.010025374842855813,-0.00139507290344465,-0.0022904635531129564,-0.016652282113457623
0.12700000000000009,3.9809244468628333,0,0.010022795673351893,-0.0014117503895782206,-0.0025791258333446427,-0.016677486133570563
0.12800000000000009,3.9807523203597284,0,0.01002061481763824,-0.001428229810236718,-0.002180748347692159,-0.016479420658497418
0.1290000000000001,3.9983096160432985,0,0.010016362409311008,-0.001447216516022041,-0.00425226478577125,-0.018986705785322897
0.1300000000000001,3.9946274249549845,0,0.010010091799911676,-0.0014679452784600597,-0.006270418476974038,-0.020728762438018775
0.1310000000000001,4.000842262533136,0,0.010002452872834973,-0.001489730649218542,-0.007638677592936334,-0.02178537075848237
0.1320000000000001,3.9972327757034782,0,0.009993489716660883,-0.0015123651743411937,-0.008962873873963833,-0.022634525122651634
0.1330000000000001,3.998146072582085,0,0.0099844731983747,-0.0015350395887331347,-0.009016182935105348,-0.022674414391940987
0.1340000000000001,4.006123623384118,0,0.009975468854775299,-0.0015575905622601418,-0.009003996654211168,-0.02255097352700714
0.1350000000000001,4.003547892876467,0,0.009966788928314808,-0.0015795452367138381,-0.00867960069816383,-0.02195467445369626
0.1360000000000001,4.010300673419128,0,0.009958804202879064,-0.0016006909811025992,-0.007984419656514016,-0.021145744388761108
0.1370000000000001,4.006495120129419,0,0.009951063752218301,-0.0016217977376737013,-0.007740188904242693,-0.02110675657110211
0.1380000000000001,4.007114312942626,0,0.009943883724360307,-0.0016421558922358993,-0.007179763749712863,-0.020358154562197944
0.1390000000000001,4.014834482898384,0,0.009936792014782257,-0.0016622951784253086,-0.007091470435342852,-0.020139286189409373
0.1400000000000001,4.011441910320334,0,0.00992973367680975,-0.0016820972730753917,-0.007058139883083952,-0.019802094650083098
0.1410000000000001,4.012520293756066,0,0.009923014636384496,-0.0017016084801133068,-0.006718855054959847,-0.019511207037915073
0.1420000000000001,4.009197086858905,0,0.009915968558973231,-0.0017213527346540314,-0.007045885620414718,-0.019744254540724576
0.1430000000000001,4.010788017004151,0,0.009909096543417567,-0.001740698336564591,-0.006871786857461348,-0.019345601910559628
0.1440000000000001,4.019609960317336,0,0.00990208183081586,-0.0017600422343984736,-0.007014489373928716,-0.019343897833882552
0.1450000000000001,4.017131789660236,0,0.009894993747646633,-0.0017791497267428931,-0.007087896289838888,-0.019107492344419552
0.1460000000000001,4.019027014822245,0,0.009888257386227842,-0.001797982068009534,-0.006736194259384052,-0.018832341266640906
0.1470000000000001,4.016081613121477,0,0.009881278795617617,-0.001816994261474303,-0.006978430531300702,-0.019012193464769053
0.1480000000000001,4.01779546689178,0,0.009874568103969925,-0.0018355238192874306,-0.006710513246428188,-0.018529557813127488
0.1490000000000001,4.021461016800648,0,0.009867938978086778,-0.0018540629357942913,-0.006628951271623343,-0.018539116506860725
0.1500000000000001,4.0199175585555045,0,0.009861363085846063,-0.0018725476706388494,-0.006575722016580419,-0.01848473484455807
0.1510000000000001,4.022977488954275,0,0.009854760464273337,-0.0018908768588779723,-0.006602450087259087,-0.018329188239122943
0.1520000000000001,4.021429582321068,0,0.009848176990250356,-0.001909121120881315,-0.0065832990736673005,-0.018244262003342573
0.1530000000000001,4.0241469569688215,0,0.009841835894696137,-0.0019268164763129923,-0.006340905789359282,-0.017695355431677443
0.1540000000000001,4.028542216764126,0,0.009835539197006625,-0.001944517982402812,-0.006296526816338861,-0.017701506089819748
0.1550000000000001,4.02738649099834,0,0.0098292672500508,-0.0019621759884002775,-0.0062718025275420785,-0.017658005997465368
0.1560000000000001,4.030547116907404,0,0.009822947123188699,-0.00197968794505573,-0.006320006897109644,-0.01751195665545234
0.1570000000000001,4.023700257371665,0,0.009816770116661546,-0.001997208722078029,-0.006176880615720027,-0.017520777022299403
0.1580000000000001,4.027236165870097,0,0.009810889257839748,-0.002014422155185249,-0.0058806868841250375,-0.017213433107219657
0.1590000000000001,4.03267787618994,0,0.009804942811349438,-0.0020314376362896166,-0.005946268574072029,-0.017015481104367715
0.16000000000000011,4.032912468614034,0,0.009798999592450982,-0.002048364788958036,-0.00594305828501839,-0.016927152668419487
0.16100000000000012,4.008229310259078,0,0.009790989221203947,-0.0020676209721803883,-0.0080102524009563,-0.019256183222352268
0.16200000000000012,4.005266014321559,0,0.009781083303184201,-0.002088729669224355,-0.009905814163178607,-0.021108697043966534
0.16300000000000012,4.011293437407607,0,0.009769838164617704,-0.0021108639426770247,-0.011245021726547396,-0.02213427345266984
0.16400000000000012,4.007477719220775,0,0.009757302036156008,-0.0021337830422802424,-0.012535980428371275,-0.022919099603217752
0.16500000000000012,4.007708093145451,0,0.00974470656091256,-0.0021566793447514027,-0.012595238315945934,-0.022896302471160212
0.16600000000000012,4.015129808410688,0,0.009732124619073605,-0.00217940318412938,-0.01258164360463557,-0.02272383937797738
0.16700000000000012,4.012047459200211,0,0.00971986851595297,-0.0022015082645056496,-0.012255765502557749,-0.02210508037626957
0.16800000000000012,4.018398400778236,0,0.009708289857429891,-0.0022228114895092494,-0.011578281930603727,-0.021303225003599813
0.16900000000000012,4.014655028824286,0,0.009696807210978684,-0.00224368004128389,-0.011482255094808883,-0.020868551774640576
0.17000000000000012,4.015227242997997,0,0.009685961057237189,-0.002264024613199207,-0.0108457112681642,-0.02034457191531702
0.17100000000000012,4.022958957442555,0,0.009675214365411895,-0.0022842305359724513,-0.010746238111918193,-0.020205922773244237
0.17200000000000013,4.02004417408698,0,0.009664489567050611,-0.002304147713181973,-0.010724364171675127,-0.019917177209521734
0.17300000000000013,4.026494769534169,0,0.009653942171930639,-0.002323725696682892,-0.010546979148789505,-0.01957798350091895
0.17400000000000013,4.022564885915521,0,0.009643152004292693,-0.002343694294547214,-0.010789798331967745,-0.019968597864322268
0.17500000000000013,4.023081042804697,0,0.009632509925838974,-0.002363270812830295,-0.010641703737117678,-0.01957651828308083
0.17600000000000013,4.030676503070684,0,0.00962171302635713,-0.0023828158600273917,-0.010796559663038191,-0.019545047197096644
0.17700000000000013,4.027322298783755,0,0.009610846675786105,-0.002402096383059119,-0.01086606883868479,-0.019280523031727295
0.17800000000000013,4.0284329880018,0,0.009600312050228727,-0.0024210646071085398,-0.010534367108859815,-0.018968224049420793
0.17900000000000013,4.0251137138002635,0,0.009589550099536548,-0.0024401671787437173,-0.010761688557594231,-0.01910257163517757
0.18000000000000013,4.026755105220276,0,0.0095790422930363,-0.002458778336776965,-0.01050750309796504,-0.018611158033247487
0.18100000000000013,4.035446820033299,0,0.009568474914231753,-0.0024772977101753437,-0.010567089516641565,-0.018519373398378884
0.18200000000000013,4.033075312322033,0,0.009557897352799693,-0.0024955099956372696,-0.010577322632147812,-0.018212285461925888
0.18300000000000013,4.034957174352335,0,0.009547675358474405,-0.002513421506281132,-0.010221784843218229,-0.017911510643862493
0.18400000000000014,4.0320132483348505,0,0.009537230498556166,-0.0025314873311306947,-0.010444660761185285,-0.01806582484956262
0.18500000000000014,4.033788805440438,0,0.009527012829630891,-0.0025490894315223405,-0.010217449419212493,-0.01760210039164576
0.18600000000000014,4.037345420182218,0,0.009516844666631163,-0.002566700868556805,-0.01016794983186297,-0.01761143703446445
0.18700000000000014,4.035773737090029,0,0.00950669822372156,-0.002584269953063218,-0.010146235431300832,-0.017569084506412983
0.18800000000000014,4.0387463492196,0,0.009496498078610794,-0.0026016849338112123,-0.010199935823002942,-0.01741498074799442
0.18900000000000014,4.029120841083871,0,0.009486243965918845,-0.002619071574452868,-0.010253842534063308,-0.017386640641655488
0.19000000000000014,4.027659716456647,0,0.009475997189383818,-0.0026361685293949133,-0.01024634294480522,-0.017096954942045443
0.19100000000000014,4.030113708267132,0,0.00946606711533221,-0.002652977116218357,-0.009929462031742732,-0.01680858682344367
0.19200000000000014,4.032864656565229,0,0.009456211851646586,-0.0026695773396431545,-0.009854487710552563,-0.01660022342479762
0.19300000000000014,4.038409445433049,0,0.00944635215719687,-0.002685875750510362,-0.009858793054978578,-0.016298410867207538
0.19400000000000014,4.050982519129864,0,0.00943664007670454,-0.002701912495326674,-0.009711156763287583,-0.016036744816312013
0.19500000000000015,4.054519418552688,0,0.00942706041159004,-0.002718052042579941,-0.00957886331056561,-0.016139547253267092
0.19600000000000015,4.058774106880451,0,0.009417310626670018,-0.0027342222889170133,-0.009749153970317828,-0.01617024633707208
0.19700000000000015,4.060642709194166,0,0.00940752334439955,-0.0027504100805503997,-0.009786855893481342,-0.01618779163338642
0.19800000000000015,4.066195541905793,0,0.00939771182953586,-0.0027665483911760522,-0.009811340971472949,-0.016138310625652547
0.19900000000000015,4.060068588334693,0,0.009388039013942836,-0.002782718005262917,-0.00967287768979626,-0.016169614086864598
0.20000000000000015,4.06191049341485,0,0.009378538593032906,-0.0027983239790309324,-0.009500671431070385,-0.015605973768015573
0.20100000000000015,4.054306280100035,0,0.00936889850305899,-0.0028141119574694976,-0.009640452988143124,-0.015787978438565158
0.20200000000000015,4.0510915086922346,0,0.009359620212842201,-0.002829666506257212,-0.00927866606734237,-0.015554548787714579
0.20300000000000015,4.054503867795418,0,0.009350079014219697,-0.002844664195852868,-0.009541580723035653,-0.014997689595655853
0.20400000000000015,4.048837453370971,0,0.009340655498873505,-0.0028595529287274582,-0.009423851238486783,-0.014888732874590235
0.20500000000000015,4.048190722392604,0,0.009331343455107558,-0.002874533021713691,-0.009312265580820949,-0.014980092986232804
0.20600000000000016,4.044558931029574,0,0.009321958459584974,-0.0028891627030900938,-0.00938505387887684,-0.014629681376402727
0.20700000000000016,4.046799081528037,0,0.009312937175127892,-0.0029035760814446862,-0.009021147244633376,-0.01441337835459246
0.20800000000000016,4.05557185966966,0,0.009303875231261262,-0.002918046410350743,-0.009061675337707844,-0.014470328906056838
0.20900000000000016,4.055041401496483,0,0.009294791571647799,-0.002932365509375525,-0.009083310822584857,-0.014319099024781914
0.21000000000000016,4.062798663824422,0,0.009285640547938236,-0.002946762436270589,-0.009150631446517302,-0.014396926895064027
0.21100000000000016,4.06040354589237,0,0.009276451137781899,-0.0029609877560885993,-0.009189008308592936,-0.01422531981801027
0.21200000000000016,4.0621450509509875,0,0.009267593024267651,-0.002975018205387,-0.0088576780722613,-0.014030449298400513
0.21300000000000016,4.069941156685212,0,0.009258671235539525,-0.002989085607456129,-0.008921377992946875,-0.014067402069129278
0.21400000000000016,4.067109176896818,0,0.009249737138241227,-0.0030029455296465327,-0.008933743460612696,-0.013859922190403648
0.21500000000000016,4.068303441486954,0,0.009240884777189496,-0.003016900720027163,-0.008852035122985494,-0.013955190380630488
0.21600000000000016,4.064822924949593,0,0.009232086888916836,-0.0030308704591143817,-0.008797553782525926,-0.01396973908721847
0.21700000000000016,4.066710833352535,0,0.00922352347806386,-0.0030443918131943665,-0.008563027912254217,-0.013521354079984796
0.21800000000000017,4.075528221120594,0,0.009214878681615996,-0.0030578850249305934,-0.008644433288217712,-0.013493211736226914
0.21900000000000017,4.073087112372911,0,0.009206222068271399,-0.0030711345533444975,-0.008656312661218529,-0.013249528413904112
0.22000000000000017,4.074877837575096,0,0.009197644600426652,-0.0030844796578957476,-0.008577207423857954,-0.013345104551250146
0.22100000000000017,4.071585952064853,0,0.0091891233265255,-0.0030978488468070466,-0.00852102303830823,-0.013369188911298985
0.22200000000000017,4.073513286826409,0,0.00918082385248907,-0.0031107773793668165,-0.008299196836363975,-0.01292853255976988
0.22300000000000017,4.071780883642414,0,0.00917227177431223,-0.003123881556996083,-0.008551763391056599,-0.013104177629266658
0.22400000000000017,4.074284714900089,0,0.009164057071161386,-0.0031369750488519873,-0.008214335512076907,-0.013093491855904141
0.22500000000000017,4.079107453315639,0,0.009155761726945337,-0.003149942348184189,-0.008294965732202538,-0.012967299332201834
0.22600000000000017,4.078135200556147,0,0.009147471690149704,-0.003162888601190494,-0.008289666391757131,-0.012946253006304934
0.22700000000000017,4.081300658184822,0,0.009139380174633829,-0.0031753938463048954,-0.0080911479519164,-0.012505245114401327
0.22800000000000017,4.079910313980642,0,0.009131046025606394,-0.0031880788575828593,-0.008333790590955362,-0.012685011277963933
0.22900000000000018,4.082686776789973,0,0.009123054908466221,-0.003200780278767261,-0.007990758778261057,-0.012701421184401537
0.23000000000000018,4.087358875597232,0,0.0091149889308385,-0.0032133629205831496,-0.008065665569459294,-0.012582641815888761
0.23100000000000018,4.086019863969268,0,0.009106931303822752,-0.003225925412345245,-0.008057376426255826,-0.01256249176209527
0.23200000000000018,4.089003831335031,0,0.009099064805438886,-0.0032380514008277838,-0.007866302261185244,-0.01212598848253886
0.23300000000000018,4.081860098221166,0,0.009091104005912865,-0.0032504123483012,-0.007960610255424029,-0.012360947473416452
0.23400000000000018,4.085414045373892,0,0.00908339078197786,-0.0032626349970066794,-0.007712982962302751,-0.012222648705479192
0.23500000000000018,4.08050444787893,0,0.009075427476015224,-0.0032749325989996397,-0.00796298776950817,-0.012297601992960344
0.23600000000000018,4.085847133367182,0,0.009067667126680175,-0.0032870659062513292,-0.00775992742574855,-0.012133307251689478
0.23700000000000018,4.092746842527345,0,0.009059782072877443,-0.0032990729975194244,-0.007884617416806568,-0.012007091268095155
0.23800000000000018,4.088832453439061,0,0.009052005342038885,-0.0033111676560524162,-0.00777630052679188,-0.012094658532991846
0.23900000000000018,4.094349995275066,0,0.009044455837498357,-0.0033231039474847126,-0.007549063211274538,-0.011936291432296416
0.24000000000000019,4.089989561344133,0,0.009036655156288547,-0.0033350950280598194,-0.007800233350127573,-0.011991080575106741
0.2410000000000002,4.090259093068928,0,0.009029193777493522,-0.0033469816653417463,-0.007460864138061522,-0.011886637281926897
0.2420000000000002,4.097491873854962,0,0.009021690255224618,-0.0033589775132647254,-0.007502983204968253,-0.011995847922979114
0.2430000000000002,4.094769123856001,0,0.009014180211453938,-0.0033708384865910276,-0.007509509295939647,-0.01186097332630219
0.2440000000000002,4.101296905263963,0,0.00900660572115081,-0.0033827971033791094,-0.00757396876413179,-0.011958616788081827
0.2450000000000002,4.097685748448464,0,0.008999009512762234,-0.003394595766117018,-0.007595714738119844,-0.011798662737908753
0.2460000000000002,4.098606605871456,0,0.008991740413678909,-0.003406227348524746,-0.007268585990863265,-0.011631582407727742
0.2470000000000002,4.1058213460429664,0,0.008984406603218779,-0.00341792662931583,-0.007333328642523931,-0.011699280791083958
0.2480000000000002,4.102899551626932,0,0.008977062683653076,-0.003429461113330606,-0.00734349652214444,-0.011534484014776285
0.2490000000000002,4.10896284946409,0,0.008969651264822453,-0.003441069466374457,-0.007411059442472175,-0.011608353043850855
0.25000000000000017,4.104760055545906,0,0.008962225632409542,-0.003452496606742258,-0.007425340072665221,-0.011427140367801202
0.25100000000000017,4.1054474112473285,0,0.00895512862513902,-0.0034637570027160067,-0.00709672721341761,-0.011260395973748498
0.25200000000000017,4.1123841546730935,0,0.008947970230663368,-0.0034750807253094438,-0.007158176304960248,-0.011323722593437058
0.25300000000000017,4.109024510982441,0,0.008940808738478525,-0.003486228814887751,-0.007161353294051962,-0.011148089578307332
0.25400000000000017,4.109729045954103,0,0.00893373283604262,-0.003497508831052263,-0.007075797573008395,-0.0112800161645118
0.25500000000000017,4.105918049683191,0,0.00892670899412571,-0.0035088483185731585,-0.0070237210072948255,-0.011339487520895582
0.25600000000000017,4.107979005742827,0,0.00891988686131408,-0.0035198171215250263,-0.006821955250290869,-0.010968802951867845
0.2570000000000002,4.1061710991899245,0,0.00891282134170917,-0.003531000101782246,-0.0070652693491611955,-0.011182980257219786
0.2580000000000002,4.109097790068921,0,0.008905919455299513,-0.0035418403733305705,-0.006901546813791184,-0.010840271548324433
0.2590000000000002,4.113636352406459,0,0.00889904925605104,-0.003552811683417049,-0.006869823952541695,-0.01097131008647844
0.2600000000000002,4.1129111759067865,0,0.008892193554748441,-0.0035638836249310903,-0.00685530763526767,-0.011071941514041294
0.2610000000000002,4.116452067323461,0,0.008885271091251519,-0.0035749115251606724,-0.00692205578709071,-0.01102790022958211
0.2620000000000002,4.1152405250657065,0,0.008878350235973987,-0.0035859925236129526,-0.006920438786988629,-0.011080998452280173
0.2630000000000002,4.118295826156006,0,0.008871600341350153,-0.003596680436460572,-0.00674946031811045,-0.010687912847619652
0.2640000000000002,4.122754732045631,0,0.00886488515746461,-0.0036074717437516264,-0.006714791201244042,-0.01079130729105416
0.2650000000000002,4.121563576918361,0,0.008858200501299212,-0.0036183336476375643,-0.006684318480085469,-0.010861903885937916
0.2660000000000002,4.124674978126503,0,0.008851459182556086,-0.0036291263214397415,-0.006741032611482754,-0.010792673802177168
0.2670000000000002,4.122753250604631,0,0.008844734184179916,-0.003639945994435993,-0.006724757119205185,-0.010819672996251629
0.2680000000000002,4.1254488005289955,0,0.008838179052019899,-0.0036503616487378867,-0.00655491898808257,-0.010415654301893645
0.2690000000000002,4.11887784457997,0,0.008831513196556113,-0.0036610542451382734,-0.006665618984913039,-0.010692596400386622
0.2700000000000002,4.122678942405703,0,0.00882506830376193,-0.003671658655256695,-0.006444576669323702,-0.010604410118421857
0.2710000000000002,4.128533525861786,0,0.008818523778550934,-0.003682176288560748,-0.006544202550059877,-0.01051763330405268
0.2720000000000002,4.1235762141006616,0,0.008812108816621585,-0.0036927964142118306,-0.006414628603441594,-0.010620125651082668
0.2730000000000002,4.128592070420166,0,0.008805825074184696,-0.0037034130881729932,-0.006283369974809542,-0.01061667396116267
0.2740000000000002,4.123843632005226,0,0.008799411600250134,-0.0037140359666223057,-0.006413051365861739,-0.010622878449312485
0.2750000000000002,4.129555684581282,0,0.008793186602824542,-0.003724518956069451,-0.006224501459309462,-0.010482989447145336
0.2760000000000002,4.136299224935409,0,0.008786844067543332,-0.0037348977821879637,-0.0063420705366364636,-0.010378826118512697
0.2770000000000002,4.132097480738539,0,0.008780621127939325,-0.0037453777658837143,-0.006222522685119856,-0.010479983695750594
0.2780000000000002,4.13727205100607,0,0.008774369935341333,-0.0037560344624438433,-0.006250805239415208,-0.010656696560128968
0.2790000000000002,4.132382531781016,0,0.008768126529442269,-0.003766576934689254,-0.006243034500594124,-0.010542472245410849
0.2800000000000002,4.13794902629906,0,0.008762059448387042,-0.0037769360425307205,-0.006066702107843519,-0.010359107841466375
0.2810000000000002,4.133652061900839,0,0.008755723943130853,-0.0037873315382524354,-0.006335119380540884,-0.010395495721714828
0.2820000000000002,4.13424168591233,0,0.00874969339153776,-0.0037976536956886124,-0.006030096110300571,-0.010322157436177051
0.2830000000000002,4.142101331348005,0,0.008743596296671785,-0.0038081254277272185,-0.006096629085485186,-0.010471732038606126
0.2840000000000002,4.139141054304596,0,0.008737482856076057,-0.003818482401777988,-0.006112999512594824,-0.01035697405076929
0.2850000000000002,4.1458280790129285,0,0.008731528642042923,-0.0038286832057548175,-0.005953806442267443,-0.010200803976829695
0.2860000000000002,4.141651184569212,0,0.008725328990196252,-0.0038389158710000985,-0.006199294191230365,-0.010232665245280947
0.2870000000000002,4.142392308319051,0,0.008719439208628308,-0.003849088147566884,-0.005889413984466739,-0.010172276566785664
0.2880000000000002,4.149896843541701,0,0.00871349082190813,-0.0038594082851596385,-0.005948070288341344,-0.010320137592754325
0.2890000000000002,4.146642674965584,0,0.008707532328062387,-0.0038696065266384146,-0.005958255888279895,-0.010198241478776102
0.2900000000000002,4.147636711673719,0,0.008701649392297065,-0.003879978022070884,-0.005882731274932113,-0.01037149543246926
0.2910000000000002,4.1440260253515575,0,0.00869581382643865,-0.003890452263429204,-0.005835345099115707,-0.010474241358320383
0.2920000000000002,4.146236885415418,0,0.008690161878647202,-0.0039005917212544205,-0.0056516683566214965,-0.010139457825216261
0.2930000000000002,4.144531309732677,0,0.008684267735998603,-0.003910971692252452,-0.005893790399082036,-0.010379970998031143
0.2940000000000002,4.147527194551545,0,0.00867851815103086,-0.003921042628620379,-0.005749142836804107,-0.010070936367927684
0.2950000000000002,4.152070677752982,0,0.008672790914164025,-0.003931265871951128,-0.005726765659919187,-0.010223243330748956
0.2960000000000002,4.1513481082789925,0,0.008667072322595048,-0.003941614947675033,-0.005718110804994492,-0.010349075723904352
0.2970000000000002,4.1548230224905085,0,0.008661278455256034,-0.003951939906759778,-0.0057933813909809805,-0.010324959084745573
0.2980000000000002,4.153603689294692,0,0.008655478784245309,-0.003962341956218052,-0.00579918505109125,-0.010402049458273915
0.2990000000000002,4.1567863798125995,0,0.008649828464433584,-0.003972386638021512,-0.005649825825848208,-0.010044681803459896
0.3000000000000002,4.161112488679092,0,0.008644202806312123,-0.00398255197001936,-0.005625221423082906,-0.010165331997847964
0.3010000000000002,4.15988131264545,0,0.008638597709192232,-0.003992807393860941,-0.005604730421268761,-0.010255423841581436
0.3020000000000002,4.162838101065355,0,0.008632927961961447,-0.004003010932316645,-0.005669444912431676,-0.010203538455703931
0.3030000000000002,4.160913268648516,0,0.00862726521949339,-0.004013261372576535,-0.005662495060627214,-0.010250440259890019
0.3040000000000002,4.163850111313556,0,0.00862174917222469,-0.004023144381626234,-0.005515839494113703,-0.009883009049698951
0.3050000000000002,4.157176950903955,0,0.008616126935938957,-0.004033309846165198,-0.0056220111751413325,-0.010165464538964067
0.3060000000000002,4.160904565699758,0,0.00861070260070471,-0.0040434114817509414,-0.005424030580311494,-0.010101635585743098
0.3070000000000002,4.166564559088839,0,0.008605172220354748,-0.0040534426574983864,-0.0055300738096774596,-0.010031175747444998
0.3080000000000002,4.161624222329843,0,0.008599762570632812,-0.0040635865632082805,-0.005409332661309134,-0.01014390570989402
0.3090000000000002,4.166292567180676,0,0.008594325610534683,-0.004073916176786805,-0.0054366013671514075,-0.010329613578524688
0.3100000000000002,4.161594460007854,0,0.008588897202537941,-0.004084156022588274,-0.00542798760798328,-0.010239845801469222
0.3110000000000002,4.167480126952401,0,0.008583636960980667,-0.004094247901180578,-0.005259738805497837,-0.010091878592303344
0.3120000000000002,4.174201148983013,0,0.00857824935056211,-0.004104235753156997,-0.005387141594306653,-0.009987851976419465
0.3130000000000002,4.17007221996107,0,0.00857297437198093,-0.004114320893892907,-0.0052745601929762445,-0.01008514073590986
0.3140000000000002,4.174974846149881,0,0.008567666921359001,-0.004124582045781351,-0.0053070619562466765,-0.010261151888443787
0.3150000000000002,4.170131315508201,0,0.00856236776576329,-0.004134741421241668,-0.005298778138310706,-0.010159375460317387
0.3160000000000002,4.175892023382451,0,0.008557219932924416,-0.004144756122138768,-0.005147445287645975,-0.010014700897099937
0.3170000000000002,4.171503825162193,0,0.008551823481717945,-0.004154810398711408,-0.005396053867623146,-0.010054276572639582
0.3180000000000002,4.172219940029711,0,0.008546707771903628,-0.00416480818689727,-0.005115234660366977,-0.009997788185862368
0.31900000000000023,4.17997606759683,0,0.008541518987737327,-0.004174964989076492,-0.005188296992078135,-0.010156802179222234
0.32000000000000023,4.177020783230596,0,0.0085363125831591,-0.004185020617398475,-0.005205941163239877,-0.01005562832198225
0.32100000000000023,4.183734770488027,0,0.008531026574101342,-0.0041952217935200984,-0.005285583446450978,-0.010201176121623842
0.32200000000000023,4.179521745693689,0,0.008525720867825208,-0.004205290582241693,-0.005305329103195974,-0.010068788721594342
0.32300000000000023,4.180469720702191,0,0.008520704020017526,-0.004215256813743927,-0.005016456805016963,-0.00996623150223419
0.32400000000000023,4.177264341853863,0,0.008515489362622322,-0.0042255227331053835,-0.005214207764453963,-0.010265919361456509
0.32500000000000023,4.179275412411454,0,0.008510431836479232,-0.004235513491309762,-0.00505697148262798,-0.009990758204378274
0.32600000000000023,4.188719685188305,0,0.008505258485426824,-0.004245621520444107,-0.0051727936591637255,-0.010108029134345102
0.32700000000000023,4.1865564638959025,0,0.008500041439726434,-0.004255597383344716,-0.0052165535058161915,-0.009975862900609214
0.32800000000000024,4.1886567594489446,0,0.008494873890817392,-0.004265762837394747,-0.005167100356648083,-0.01016545405003056
0.32900000000000024,4.1856666021564015,0,0.008489742356532867,-0.004276061645798331,-0.005131096580656555,-0.010298808403584256
0.33000000000000024,4.187898525404136,0,0.008484773600610618,-0.004286038448764847,-0.004968289443688708,-0.009976802966516277
0.33100000000000024,4.186290516775859,0,0.008479560844371608,-0.004296266535702833,-0.005212250572395925,-0.010228086937985603
0.33200000000000024,4.189028684244399,0,0.008474475730970262,-0.004306187937276605,-0.0050845486071190655,-0.00992140157377204
0.33300000000000024,4.193657692722118,0,0.008469405589949104,-0.0043162669512292594,-0.005069583982068354,-0.010079013952654647
0.33400000000000024,4.192752671067026,0,0.008464344862476589,-0.0043264777971616045,-0.005060199211121716,-0.010210845932345086
0.33500000000000024,4.196139019747692,0,0.008459199595868173,-0.004336658386275563,-0.005144769306740265,-0.010180589113958395
0.33600000000000024,4.18941904078202,0,0.008454186321848725,-0.004346960538841719,-0.005012754599013562,-0.010302152566156117
0.33700000000000024,4.193172781421881,0,0.008449375830206156,-0.004357157701356268,-0.004809877783678603,-0.010197162514548677
0.33800000000000024,4.19864501613665,0,0.008444464902735026,-0.004367270072678715,-0.004910301022974203,-0.010112371322447238
0.33900000000000025,4.19918225568378,0,0.008439534708630847,-0.0043774331780043725,-0.00492960421433994,-0.010163105325657583
0.34000000000000025,4.203240587741675,0,0.00843450583043417,-0.004387534150993177,-0.005028352465932691,-0.010100972988804843
0.34100000000000025,4.197195617560922,0,0.008429597149123865,-0.004397742998139503,-0.004908181552619987,-0.010208847146325577
0.34200000000000025,4.201269922839227,0,0.008424638344325473,-0.004408127619306105,-0.004958274883333143,-0.010384621166602097
0.34300000000000025,4.196329576879877,0,0.008419663225754824,-0.0044184158542491985,-0.004974527484798256,-0.010288234943093416
0.34400000000000025,4.201851884508656,0,0.00841483180851567,-0.004428546501032237,-0.0048307332700528016,-0.010130646783038273
0.34500000000000025,4.208510387584116,0,0.008409852696112786,-0.0044385627598141995,-0.0049784558894576,-0.010016258781962717
0.34600000000000025,4.204345523860333,0,0.008404971365255306,-0.004448667012379538,-0.0048807204044817015,-0.010104252565338798
0.34700000000000025,4.209250133053073,0,0.00840004520014878,-0.004458941661208086,-0.004925576394130575,-0.010274648828547533
0.34800000000000025,4.204482604222008,0,0.008395118728370352,-0.004469113160038309,-0.0049258870696665185,-0.010171498830223447
0.34900000000000025,4.2102391754413135,0,0.008390338678764564,-0.004479137088432508,-0.004779444012281611,-0.01002392839419882
0.35000000000000026,4.216696186767078,0,0.00838542281287364,-0.004489042956725773,-0.004915364830566517,-0.009905868293264702
0.35100000000000026,4.212144406297442,0,0.008380617479339117,-0.004499028814797641,-0.004804945699766137,-0.009985858071868449
0.35200000000000026,4.216593130894333,0,0.008375773782108506,-0.0045091704051300596,-0.004843390385231005,-0.010141590332418335
0.35300000000000026,4.211299324378794,0,0.008370937794217163,-0.004519190289730811,-0.004835728813922634,-0.010019884600751157
0.35400000000000026,4.216707816240567,0,0.008366016885979204,-0.004529328951653407,-0.004920669158074864,-0.01013866192259641
0.35500000000000026,4.211959748284103,0,0.008361066265800928,-0.0045393182739276285,-0.004950385311234009,-0.009989322274221377
0.35600000000000026,4.212672430238794,0,0.008356383789352143,-0.004549192228028193,-0.004682168298048822,-0.0098739541005647
0.35700000000000026,4.209577719870191,0,0.008351492456220928,-0.004559356646210405,-0.00489089897611713,-0.010164418182211955
0.35800000000000026,4.211793972956044,0,0.008346741537706317,-0.004569250528649674,-0.004750312801836416,-0.00989388243926876
0.35900000000000026,4.221521173653728,0,0.008341865597859857,-0.0045792668170080856,-0.0048752776713604585,-0.010016288358411646
0.36000000000000026,4.219717207910335,0,0.00833693583738219,-0.004589158858058837,-0.004929122504838045,-0.0098920410507514
0.36100000000000027,4.222022128690784,0,0.008332045186341121,-0.004599240060617945,-0.00489002196969801,-0.010081202559107834
0.36200000000000027,4.219321270450352,0,0.008327183341428087,-0.004609462817278495,-0.0048611965865330235,-0.010222756660550024
0.36300000000000027,4.2218120751537285,0,0.008322471548749917,-0.004619374407110591,-0.004711087844601292,-0.00991158983209596
0.36400000000000027,4.231069212827394,0,0.008317636960489549,-0.004629368239618819,-0.0048339458514537,-0.00999383250822796
0.36500000000000027,4.228861246596898,0,0.008312759850728862,-0.004639202996309752,-0.004876602137064838,-0.009834756690933234
0.36600000000000027,4.23053782918268,0,0.008307932302628735,-0.004649195187959575,-0.004827145168704078,-0.009992191649823082
0.36700000000000027,4.227112290936138,0,0.008303140236142358,-0.0046592903716934165,-0.0047917200347398735,-0.010095183733841405
0.36800000000000027,4.22936935385862,0,0.008298264719833658,-0.004669330461517147,-0.004875182154968143,-0.010040089823730274
0.36900000000000027,4.227167349917806,0,0.008293374620009251,-0.004679422056852108,-0.004889752725701317,-0.010091595334961283
0.3700000000000003,4.2300223072033765,0,0.008288598909106309,-0.0046891498988040955,-0.004775326365012335,-0.009727841951987469
0.3710000000000003,4.234378621434746,0,0.008283824188630126,-0.0046989835644708185,-0.004774366318868908,-0.009833665666723022
0.3720000000000003,4.233181391609363,0,0.008279055222544334,-0.004708906130268039,-0.0047686563235751975,-0.00992256579722059
0.3730000000000003,4.2362944014365995,0,0.008274203584611341,-0.004718770464709889,-0.004851368669522764,-0.009864334441850135
0.3740000000000003,4.234563763459974,0,0.008269345845042023,-0.004728689211865937,-0.004857503309417809,-0.009918747156047354
0.3750000000000003,4.23783034665332,0,0.00826458976924048,-0.004738271511036444,-0.00475586332539954,-0.009582299170507111
0.3760000000000003,4.231186696140458,0,0.008259739147541155,-0.004748113885262403,-0.004850369131631713,-0.009842374225959606
0.3770000000000003,4.235243643933613,0,0.008255052616099481,-0.004757906991173873,-0.00468617214734023,-0.009793105911469827
0.3780000000000003,4.241046728969935,0,0.008250245291926873,-0.004767623750331018,-0.004806956375026372,-0.009716759157145025
0.3790000000000003,4.241544075161317,0,0.008245401078738846,-0.004777400116580642,-0.004843893321416269,-0.009776366249623913
0.3800000000000003,4.245648102065283,0,0.008240439196092202,-0.0047870990844727035,-0.004961643225253467,-0.009698967892061462
0.3810000000000003,4.239424393114024,0,0.008235595294913127,-0.004796902081384837,-0.00484369251319033,-0.0098029969121333
0.3820000000000003,4.243687239895219,0,0.008230695544775362,-0.0048068756899467945,-0.004899516889165159,-0.009973608561957698
0.3830000000000003,4.23851781979388,0,0.008225775358146375,-0.004816730569055449,-0.004919891618156116,-0.009854879108654908
0.3840000000000003,4.244079677151107,0,0.00822098315498368,-0.004826423505726117,-0.0047918171180659904,-0.009692936670667625
0.3850000000000003,4.250754202092219,0,0.008216035098424104,-0.004835979703371263,-0.004947711942522744,-0.009556197645145884
0.3860000000000003,4.2466085753183656,0,0.008211185456941187,-0.004845617172709974,-0.004849350873938373,-0.009637469338710965
0.3870000000000003,4.25156220150667,0,0.008206286460755077,-0.004855413430717671,-0.0048987392256182385,-0.009796258007697088
0.3880000000000003,4.246752410534171,0,0.008201379385485074,-0.004865087605575582,-0.004906828712390227,-0.009674174857910584
0.3890000000000003,4.252477335085046,0,0.008196376694993023,-0.004874878586666602,-0.005002436308060966,-0.009790981091020029
0.3900000000000003,4.248142882955764,0,0.008191328888071132,-0.004884517124496143,-0.005047538213209914,-0.0096385378295415
0.3910000000000003,4.2490666461981625,0,0.008186541317171175,-0.004894043302299264,-0.004787213257648595,-0.00952617780312047
0.3920000000000003,4.25664832161937,0,0.008181658088225647,-0.004903675554171927,-0.00488286377681339,-0.00963225187266322
0.3930000000000003,4.253910697677558,0,0.008176741380412102,-0.00491316827791343,-0.004916374849947812,-0.009492723741503194
0.3940000000000003,4.260355214532347,0,0.008171731442822674,-0.004922767188959983,-0.005009655886476097,-0.009598911046552853
0.3950000000000003,4.256368343949886,0,0.008166687421490485,-0.004932209092127499,-0.005043799355414268,-0.00944190316751626
0.3960000000000003,4.257505294457613,0,0.00816168351771196,-0.0049418081904097026,-0.005003676602976316,-0.009599098282203448
0.3970000000000003,4.254121042182867,0,0.008156691198193131,-0.0049515114467982985,-0.0049920295952433965,-0.009703256388595913
0.3980000000000003,4.256409421342747,0,0.00815183077894244,-0.004960877695322715,-0.004860018344969185,-0.00936624852441656
0.3990000000000003,4.265487553286856,0,0.008146832613599693,-0.004970296214592948,-0.0049977746831172416,-0.009418519270233336
0.4000000000000003,4.263547156398552,0,0.008141776373275001,-0.004979538748432261,-0.005055932776375205,-0.009242533839312617
0.4010000000000003,4.2653920003905625,0,0.008136763935872166,-0.004988927897033804,-0.005012185240231815,-0.009389148601542802
0.4020000000000003,4.262299386378473,0,0.008131774276533606,-0.004998415424551644,-0.004989417858746286,-0.009487527517840037
0.4030000000000003,4.2647587914442715,0,0.008126695467425095,-0.005007836062455095,-0.005078539867892811,-0.009420637903450983
0.4040000000000003,4.2628697368171125,0,0.0081215919445126,-0.005017302275316291,-0.0051032059137926375,-0.009466212861196192
0.4050000000000003,4.2660168111218715,0,0.008116590911270816,-0.005026399166912368,-0.00500065191685614,-0.009096891596076587
0.4060000000000003,4.270481228039137,0,0.008111590255307603,-0.0050355912780784455,-0.0050002883576484945,-0.00919211116607796
0.4070000000000003,4.269491745232067,0,0.008106586919340308,-0.005044862449796483,-0.005003001567361358,-0.009271171718037291
0.4080000000000003,4.2726900809621675,0,0.008101497739407467,-0.0050540566789178485,-0.005088878824876953,-0.009194229121365673
0.4090000000000003,4.271115571148183,0,0.008096394611244477,-0.0050632911565596,-0.005102855459658105,-0.00923447764175113
0.4100000000000003,4.274495463759043,0,0.00809117277691816,-0.005072426311045829,-0.005221585179403792,-0.009135154486229757
0.4110000000000003,4.267895676190177,0,0.008086059751450651,-0.005081649724744203,-0.005112731538597694,-0.009223413698373345
0.4120000000000003,4.272037386806068,0,0.008081106822875864,-0.005090756511627846,-0.004952520394168107,-0.009106786883643359
0.4130000000000003,4.277860509705478,0,0.008076026331452038,-0.005099737537574369,-0.00508007546358563,-0.008981025946522628
0.4140000000000003,4.278390959118431,0,0.008070906543526024,-0.005108739618957754,-0.005119425018232864,-0.009002081383385416
0.4150000000000003,4.282507485482849,0,0.008065671467293738,-0.005117632118112907,-0.00523480161006208,-0.008892499155152903
0.4160000000000003,4.276211413438063,0,0.008060556490724841,-0.005126607960894621,-0.005114736004422789,-0.008975842781713816
0.4170000000000003,4.2804196253921525,0,0.008055388908478586,-0.005135732606767356,-0.005167314578502954,-0.009124645872734746
0.4180000000000003,4.275181784947621,0,0.008050200307983231,-0.00514471990546777,-0.005188263969756422,-0.00898729870041446
0.4190000000000003,4.2809174346355565,0,0.008045129496100405,-0.0051535378637554,-0.005070376573030721,-0.008817958287630177
0.4200000000000003,4.287701444736507,0,0.008039901381216087,-0.005162199741197071,-0.005227725940481971,-0.008661877441670622
0.4210000000000003,4.283488991239078,0,0.008034767883932042,-0.0051709268394885466,-0.0051331683725529004,-0.008727098291475693
0.4220000000000003,4.288425980936258,0,0.008029584444533819,-0.005179792000488693,-0.005183147426247269,-0.008865161000146636
0.4230000000000003,4.283531971968996,0,0.008024390865656011,-0.005188515689376738,-0.005193297291070331,-0.00872368888804511
0.4240000000000003,4.289301955756971,0,0.008019102909773115,-0.005197335077963364,-0.005287664584606087,-0.008819388586625738
0.4250000000000003,4.284913447525697,0,0.00801376894784434,-0.005205981987496766,-0.0053336530271391736,-0.008646909533401893
0.4260000000000003,4.285970889135147,0,0.008008683266845246,-0.005214508381083941,-0.005085275992652338,-0.008526393587175024
0.4270000000000003,4.2829745137347235,0,0.0080033906824413,-0.005223293781670638,-0.005292028955219261,-0.008785400586697363
0.4280000000000003,4.285476725581926,0,0.007998215299067036,-0.005231787291412786,-0.005174631244030305,-0.00849350974214784
0.4290000000000003,4.295194994537762,0,0.00799290600485543,-0.005240361855125519,-0.005308482570406433,-0.008574563712732651
0.4300000000000003,4.293643587512305,0,0.007987526921466816,-0.00524877643686473,-0.005378306987272514,-0.008414581739211481
0.4310000000000003,4.295831174408803,0,0.007982182517273326,-0.005257340036974748,-0.005343647160405955,-0.008563600110017729
0.43200000000000033,4.293102781707597,0,0.00797685106399914,-0.005266007525805058,-0.0053306802997037436,-0.00866748883030996
0.43300000000000033,4.295828386272645,0,0.007971633914365405,-0.005274353517785837,-0.005216322458934316,-0.00834599198077865
0.43400000000000033,4.30499895993178,0,0.007966296141556943,-0.005282729800087148,-0.005337030141238257,-0.00837628230131171
0.43500000000000033,4.303066977017146,0,0.00796090267345296,-0.0052909084915387,-0.0053928929897068675,-0.008178691451551576
0.43600000000000033,4.304519712022359,0,0.007955555879107672,-0.005299199061061751,-0.005346352172325715,-0.008290569523051322
0.43700000000000033,4.300973849616604,0,0.007950230693856749,-0.005307549981826173,-0.005324814644031792,-0.008350920764422023
0.43800000000000033,4.303055884092472,0,0.007944822177536085,-0.005315798692744395,-0.005408162085387042,-0.008248710918221623
0.43900000000000033,4.300820582772955,0,0.007939389213586999,-0.005324057715830587,-0.005432592714440318,-0.008259023086191856
0.44000000000000034,4.30411202347949,0,0.007934033849392981,-0.005331948167741594,-0.005354954553561593,-0.00789045191100686
0.44100000000000034,4.297500919033131,0,0.007928578713510565,-0.005340054568127111,-0.005454617972217669,-0.008106400385517187
0.44200000000000034,4.301736675707216,0,0.00792326962846063,-0.005348082558355179,-0.005308382247917203,-0.008027990228067806
0.44300000000000034,4.307792565379859,0,0.007917836309165415,-0.0053559972675033,-0.005432546245703445,-0.00791470914812166
0.44400000000000034,4.308704921594105,0,0.007912355392359662,-0.005363947285323219,-0.005480146867290067,-0.007950017819918775
0.44500000000000034,4.31316809243442,0,0.007906754405081772,-0.005371787524013458,-0.005600266530051865,-0.007840238690238858
0.44600000000000034,4.31245674278935,0,0.007901110144702727,-0.005379651246798929,-0.005643618432358485,-0.007863722785470678
0.44700000000000034,4.316250866761927,0,0.007895328802065713,-0.005387384589215883,-0.005780794280704884,-0.007733342416954385
0.44800000000000034,4.309604863474288,0,0.007889650844865802,-0.005395193107701245,-0.005677440910721929,-0.0078085184853620565
0.44900000000000034,4.313726744265813,0,0.007884125192172079,-0.005402870246583096,-0.005525091488475643,-0.007677138881850669
0.45000000000000034,4.319472749889995,0,0.007878470676393731,-0.005410385381848219,-0.005654023588430331,-0.00751513526512336
0.45100000000000035,4.319637482392762,0,0.007872774745544703,-0.005417886268832769,-0.00569556679253843,-0.007500886984549739
0.45200000000000035,4.323488688450703,0,0.007866964994576175,-0.005425234809808847,-0.005809543364295851,-0.007348540976078073
0.45300000000000035,4.3168101194046695,0,0.007861282047740326,-0.005432642351325699,-0.005682825899382613,-0.007407541516852266
0.45400000000000035,4.3207319865772975,0,0.007855550342364626,-0.005440165368317419,-0.005731596926112487,-0.007523016991720262
0.45500000000000035,4.315201675359761,0,0.007849796724702509,-0.005447518397527868,-0.005753466592945525,-0.007353029210449037
0.45600000000000035,4.320847955494329,0,0.00784414987126525,-0.00545467763108258,-0.005646625324770802,-0.0071592335547116664
0.45700000000000035,4.316646259036675,0,0.00783823824888168,-0.00546180173429916,-0.005911308365771076,-0.007124103216580094
0.45800000000000035,4.317716322189602,0,0.007832570363576876,-0.005468851304324365,-0.005667405541356517,-0.007049570025204413
0.45900000000000035,4.3256268394877235,0,0.007826811907397,-0.005476006230762161,-0.005757907893298367,-0.007154926437796805
0.46000000000000035,4.323248226089286,0,0.007821002843057989,-0.005483012335973162,-0.00580850258885102,-0.007006105211000875
0.46100000000000035,4.33003331420606,0,0.007815092924683494,-0.005490098506810419,-0.005909374214185927,-0.0070861708372565654
0.46200000000000035,4.326479818864295,0,0.007809130080488895,-0.005497003602266837,-0.0059623404596750055,-0.00690509545641857
0.46300000000000036,4.3277360921776795,0,0.00780320813011548,-0.005504037678382662,-0.0059214246474292844,-0.007034076115824961
0.46400000000000036,4.324580456628894,0,0.007797284451607753,-0.005511149065069843,-0.005923072176845541,-0.007111386687180289
0.46500000000000036,4.327221355912143,0,0.007791478608145841,-0.005517898958852096,-0.005805108924486473,-0.006749893782253408
0.46600000000000036,4.33633966207042,0,0.007785535417499722,-0.0055246543755024195,-0.00594246763413456,-0.0067554166503233995
0.46700000000000036,4.334760988804787,0,0.007779522976601879,-0.0055311988379923025,-0.006011817300962609,-0.006544462489883017
0.46800000000000036,4.336473671397378,0,0.007773558562050498,-0.0055378500070705,-0.005963863617177881,-0.0066511690781975025
0.46900000000000036,4.333367913404763,0,0.0077676042921341025,-0.0055445606022918705,-0.00595373895393553,-0.006710595221370505
0.47000000000000036,4.3357069554209735,0,0.007761566175207272,-0.005551157691732674,-0.006037559232532678,-0.006597089440803401
0.47100000000000036,4.3338983785240695,0,0.0077554927290827145,-0.005557759729081195,-0.0060728385441171226,-0.0066020373485214945
0.47200000000000036,4.3373957572093245,0,0.007749495258496402,-0.005563981365362518,-0.005996799154723881,-0.0062216362813226
0.47300000000000036,4.341721280854131,0,0.007743515521696028,-0.005570250948752501,-0.005979092581687538,-0.006269583389982743
0.47400000000000037,4.340715275206029,0,0.007737363184594368,-0.005576129982300937,-0.006151734064752103,-0.0058790335484360315
0.47500000000000037,4.3437525145142555,0,0.00773125560957614,-0.0055821105195039715,-0.006107015867505788,-0.005980537203034708
0.47600000000000037,4.342233066456577,0,0.007725152807799432,-0.005588166226951263,-0.006102276526520771,-0.0060557074472913225
0.47700000000000037,4.34558435729665,0,0.007718952382985214,-0.005594102161678292,-0.006199925726143519,-0.0059359347270296
0.47800000000000037,4.344246053782582,0,0.007712706730383342,-0.005600039680513011,-0.006245179525896121,-0.0059375188347183736
0.47900000000000037,4.347916908895447,0,0.007706525835841876,-0.005605581468092196,-0.006180446472519858,-0.005541787579185428
0.48000000000000037,4.34135997546105,0,0.007700254852681713,-0.005611331921672751,-0.006270494545259485,-0.005750453580554739
0.48100000000000037,4.345617125327484,0,0.0076941279124714875,-0.0056169907300281105,-0.006126334420936701,-0.005658808355359611
0.4820000000000004,4.35160593925751,0,0.007687879743745882,-0.005622496302615594,-0.0062475677985553,-0.00550557258748377
0.4830000000000004,4.352099824246526,0,0.007681583702978699,-0.0056279997428159865,-0.0062955144041467685,-0.005503440200392215
0.4840000000000004,4.356268539198672,0,0.00767517270290019,-0.005633347094252466,-0.0064105872558227,-0.005347351436479908
0.4850000000000004,4.3497636838777956,0,0.007668883945477649,-0.00563875886159802,-0.006288397565480338,-0.005411767345553722
0.4860000000000004,4.35397008528318,0,0.00766254974134869,-0.0056442810847521525,-0.006333825911253218,-0.005522223154132318
0.4870000000000004,4.348618504652722,0,0.007656191751934024,-0.005649627352942709,-0.0063575451180874105,-0.005346268190556391
0.4880000000000004,4.354535433167907,0,0.007649942290596575,-0.005654774515993368,-0.006248918501004183,-0.0051471630506593966
0.4890000000000004,4.361429490006053,0,0.00764354300146912,-0.0056597169536233265,-0.006398810583575699,-0.004942437629958281
0.4900000000000004,4.357207341223904,0,0.00763724044325513,-0.005664703848365951,-0.006302159642863166,-0.004986894742624835
0.4910000000000004,4.362008226199821,0,0.0076308945688798495,-0.005669785385970017,-0.006345527344177057,-0.005081537604065961
0.4920000000000004,4.357130707258099,0,0.007624533662946816,-0.005674691408538499,-0.0063605784882507736,-0.00490602256848164
0.4930000000000004,4.362787482770139,0,0.007618084763039874,-0.005679643853917516,-0.006448567968175767,-0.004952445379017428
0.4940000000000004,4.358491064604645,0,0.0076115856498694045,-0.005684388568945588,-0.006498766588269563,-0.004744715028071576
0.4950000000000004,4.359571682269554,0,0.007605129833189838,-0.005689241914211348,-0.0064553742453710775,-0.004853345265760402
0.4960000000000004,4.3563298683107226,0,0.00759867063618675,-0.005694159631232045,-0.006458592872393965,-0.004917717020696405
0.4970000000000004,4.359169915832118,0,0.007592325209705012,-0.005698711195351894,-0.006344612335760028,-0.004551564119849132
0.4980000000000004,4.368841302751119,0,0.007585846608130525,-0.005703264551606132,-0.006477730484947626,-0.004553356254237938
0.4990000000000004,4.367530740516208,0,0.007579297081285616,-0.005707605994418798,-0.006548701887530517,-0.004341442812666463
0.5000000000000003,4.375115499691215,0,0.007572635317829018,-0.005711985727603835,-0.006661045525704407,-0.004379733185036656
0.5010000000000003,4.371518183056961,0,0.0075659156024631075,-0.005716148833526541,-0.006719142368323523,-0.004163105922706106
0.5020000000000003,4.372753637819413,0,0.007559250514035253,-0.005720425747180872,-0.0066645949419365975,-0.004276913654331117
0.5030000000000003,4.369092649354245,0,0.00755259104284526,-0.005724761368635329,-0.006658987763353029,-0.004335621454456748
0.5040000000000003,4.371477450650896,0,0.00754603791701689,-0.005728725718024557,-0.006552594067024907,-0.003964349389228017
0.5050000000000003,4.369579448569217,0,0.007539260288320937,-0.005732824902010449,-0.00677702684475485,-0.0040991839858920895
0.5060000000000003,4.372865182906591,0,0.007532566603233325,-0.00573655171554064,-0.0066929928732187265,-0.0037268135301910324
0.5070000000000003,4.37743833403802,0,0.007525898875048217,-0.005740357861396387,-0.0066670388149894155,-0.0038061458557470465
0.5080000000000003,4.3765374649680995,0,0.00751921832397971,-0.005744221733741632,-0.00667988863875066,-0.003863872345245302
0.5090000000000003,4.379834802149139,0,0.007512457542872255,-0.005747956038271546,-0.006760146920243424,-0.003734304529913468
0.5100000000000003,4.378466576844075,0,0.007505666467919583,-0.005751688740167571,-0.006790468176989542,-0.003732701896025023
0.5110000000000003,4.381971146104147,0,0.007498764989727284,-0.0057552616413078985,-0.0069008968649434,-0.003572901140327586
0.5120000000000003,4.375424030338123,0,0.007491971119880925,-0.0057588996488891235,-0.006793242504687076,-0.0036380075812249626
0.5130000000000003,4.3796558373858785,0,0.007485122862834458,-0.005762635404473105,-0.006847507442422652,-0.0037357555839811693
0.5140000000000003,4.385574319132095,0,0.00747834044137335,-0.00576605128826293,-0.0067816672792050375,-0.0034158837898257133
0.5150000000000003,4.3863996956048945,0,0.007471518956204711,-0.005769376339581194,-0.006820800897688311,-0.0033250513182640773
0.5160000000000003,4.3905651132266295,0,0.007464589335211387,-0.0057725024068347045,-0.006929049802069498,-0.0031260672535100495
0.5170000000000003,4.389676500911789,0,0.007457614717238373,-0.005775578697696667,-0.00697418050612859,-0.0030762908619624135
0.5180000000000003,4.393182371975783,0,0.007450525174060497,-0.005778465007425292,-0.007089246752889322,-0.002886309728625247
0.5190000000000003,4.386378775337004,0,0.007443552821133386,-0.005781406451129217,-0.006972116973866565,-0.0029414437039245248
0.5200000000000004,4.390315951938808,0,0.0074365307117237964,-0.005784433081979489,-0.0070218524746478135,-0.0030266308502719177
0.5210000000000004,4.38490009095871,0,0.007429476795778493,-0.005787268073584851,-0.007053582175150659,-0.0028349916053622276
0.5220000000000004,4.390724436232479,0,0.007422526049588944,-0.005789886829552661,-0.006950301292404344,-0.0026187559678102906
0.5230000000000004,4.3975836680694185,0,0.007415431029594737,-0.00579228103508022,-0.007094627614670737,-0.0023942055275586946
0.5240000000000004,4.393389143061997,0,0.007408437372819654,-0.0057947211641972175,-0.006993331032772081,-0.00244012911699773
0.5250000000000004,4.398127070005564,0,0.007401406964248339,-0.005797244049295114,-0.007030121051348439,-0.002522885097896478
0.5260000000000004,4.393346416443545,0,0.0073943610633022214,-0.0057995861824813606,-0.007045619217401354,-0.002342133186246549
0.5270000000000004,4.398976076761077,0,0.007387233683519982,-0.005801960416380945,-0.007127081041922609,-0.0023742338995840287
0.5280000000000004,4.394834945847975,0,0.007380056146445494,-0.005804121714596605,-0.0071772124853020924,-0.0021612982156601554
0.5290000000000004,4.395904305925141,0,0.007372936674487209,-0.0058063913439688275,-0.007119041037019522,-0.0022696293722227964
0.5300000000000004,4.392725434673978,0,0.007365813505668644,-0.005808721818408514,-0.007122565056952574,-0.0023304744396863628
0.5310000000000004,4.395671910816309,0,0.00735879067367139,-0.005810701368511204,-0.0070220098367508345,-0.001979550102690006
0.5320000000000004,4.40537878042234,0,0.007351654034236226,-0.005812659709558884,-0.0071357569094822205,-0.001958341047680369
0.5330000000000004,4.404260649053015,0,0.007344448113438191,-0.005814396060132516,-0.0072050851874541,-0.0017363505736313345
0.5340000000000004,4.411834004471815,0,0.007337136015489712,-0.005816151974907642,-0.007311373452897972,-0.0017559147751262938
0.5350000000000004,4.408375631379711,0,0.00732976730924929,-0.0058176848217237065,-0.007368131985688025,-0.0015328468160645883
0.5360000000000004,4.409534872445707,0,0.007322467490832677,-0.005819328294810477,-0.0072993282619542394,-0.0016434730867702363
0.5370000000000004,4.405821399479742,0,0.00731517486567927,-0.005821025213857808,-0.007292145687090877,-0.0016969190473311094
0.5380000000000004,4.4082139274776795,0,0.007307802513535978,-0.005822575861495267,-0.00737182593770825,-0.0015506476374587547
0.5390000000000004,4.40626816451376,0,0.007300394096438653,-0.00582410899579368,-0.007407817715391877,-0.0015331342984132787
0.5400000000000004,4.4097828357828455,0,0.0072930764904051,-0.00582522407228575,-0.007316916266028723,-0.00111507649206994
0.5410000000000004,4.414317303121718,0,0.007285793498660521,-0.005826391708396025,-0.007282308497414285,-0.0011676361102753996
0.5420000000000004,4.41337409650918,0,0.007278502186027744,-0.005827594718435178,-0.007290658205337425,-0.0012030100391526369
0.5430000000000004,4.416621801167358,0,0.007271145050047813,-0.005828653293654647,-0.0073565098282865095,-0.0010585752194692405
0.5440000000000004,4.415238246618289,0,0.007263764576131888,-0.0058297018560332274,-0.007379873282096198,-0.0010485623785803574
0.5450000000000004,4.418747327701947,0,0.007256288069297763,-0.005830583476906415,-0.007475928976876327,-0.0008816208731873831
0.5460000000000004,4.417563401662137,0,0.0072487597410785,-0.00583144095469347,-0.007527778019812292,-0.0008574777870555203
0.5470000000000004,4.421419026127739,0,0.00724110804859814,-0.005832116099664323,-0.007651176747059443,-0.0006751449708524912
0.5480000000000004,4.414874953117451,0,0.007233565921155347,-0.0058328646980479095,-0.007541578587049295,-0.0007485983835866725
0.5490000000000004,4.4193361876352215,0,0.007226170322620798,-0.0058334726789980515,-0.007394940590928723,-0.0006079809501419869
0.5500000000000004,4.425357110738579,0,0.007218666619835005,-0.0058338850180167465,-0.007503065153787209,-0.0004123390186950432
0.5510000000000004,4.425982906309509,0,0.007211113425293936,-0.005834261073396537,-0.0075526503745411136,-0.00037605537979087944
0.5520000000000004,4.430124914724067,0,0.007203465490681591,-0.0058344517602895935,-0.007647524753795141,-0.00019068689305606207
0.5530000000000004,4.423662855234465,0,0.007195951111893074,-0.005834712359612169,-0.007514039022694785,-0.00026059932257526536
0.5540000000000004,4.427522203341055,0,0.007188231895537231,-0.005834610782445413,-0.007718865236885901,0.00010157716675597561
0.5550000000000004,4.422253577401954,0,0.007180629909111242,-0.0058345718181834596,-0.007601573074394816,3.8964261953218504e-05
0.5560000000000004,4.42799320283671,0,0.007172978185269411,-0.005834636101430979,-0.007651215739589581,-6.428324751932973e-05
0.5570000000000004,4.424094430425903,0,0.007165277913925813,-0.005834521026888873,-0.007699664642187996,0.00011507454210617912
0.5580000000000004,4.431054608136702,0,0.007157655285223311,-0.005834215818601653,-0.007621928121261929,0.00030520828721986026
0.5590000000000004,4.43854637765492,0,0.007149893813880406,-0.0058336784182769,-0.007760871885684574,0.000537400324752621
0.5600000000000004,4.434667909770482,0,0.007142235786754718,-0.00583320203569683,-0.0076575624777240996,0.0004763825800701768
0.5610000000000004,4.43952216667932,0,0.0071345455181059305,-0.00583280613550944,-0.007689916358534534,0.00039590018739016353
0.5620000000000004,4.43456208015304,0,0.007126841159060723,-0.005832224021356811,-0.007704086275925749,0.0005821141526290291
0.5630000000000004,4.439970530590882,0,0.007119063464057729,-0.0058316595906379495,-0.007777472876401733,0.0005644307188613917
0.5640000000000004,4.435486694326032,0,0.007111242520687626,-0.00583087226992702,-0.007820753455460868,0.0007873207109295247
0.5650000000000004,4.436294812017376,0,0.0071035006383976425,-0.0058301957797510465,-0.00774163307090268,0.0006764901759733974
0.5660000000000004,4.432804281624897,0,0.007095588455885767,-0.0058291163036283174,-0.007911794403891583,0.0010794761227291005
0.5670000000000004,4.435545854879701,0,0.007087737231727658,-0.00582814729382063,-0.007850652239708317,0.000969009807687618
0.5680000000000004,4.445084944612747,0,0.007079974568039514,-0.0058271063763001354,-0.007762057228114162,0.0010409175204943721
0.5690000000000004,4.4439277259482655,0,0.0070721701161091475,-0.005825824674912045,-0.007803912286765849,0.0012817013880905143
0.5700000000000004,4.451268268533663,0,0.007064270154516929,-0.005824538257532688,-0.007899550015061513,0.0012864173793572867
0.5710000000000004,4.447790448282273,0,0.007056322961224695,-0.0058230177934726415,-0.007946941618564884,0.001520464060046113
0.5720000000000004,4.448797848339937,0,0.007048467157939682,-0.0058216095121279305,-0.007855640728750833,0.0014082813447110348
0.5730000000000004,4.444992528611465,0,0.007040625486197521,-0.005820254783659642,-0.007841520514700384,0.001354728468288581
0.5740000000000004,4.4472525231550675,0,0.007032719522155034,-0.005818753010644382,-0.00790576471196159,0.0015017730152595485
0.5750000000000004,4.445265016910185,0,0.007024780169684082,-0.005817235417587611,-0.007939074529066103,0.001517593056771585
0.5760000000000004,4.448943376988507,0,0.007016739126958711,-0.005815543781731753,-0.00804067589701188,0.0016916358558573957
0.5770000000000004,4.442518822575799,0,0.007008816492771852,-0.005813942033299374,-0.007922107295479144,0.0016017484323798195
0.5780000000000004,4.4472051463461755,0,0.007001046753815261,-0.005812215686801023,-0.0077689817907823705,0.0017263464983504825
0.5790000000000004,4.453522799020309,0,0.006993180423019924,-0.005810312793661744,-0.007865477541375196,0.0019028931392793547
0.5800000000000004,4.454827537270175,0,0.006985263588210981,-0.005808398050664069,-0.007915972680147874,0.0019147429976750993
0.5810000000000004,4.459467550045883,0,0.006977258596150349,-0.005806321842898186,-0.00800417882273716,0.0020762077658827843
0.5820000000000004,4.459097570473227,0,0.006969209075489543,-0.00580423560013709,-0.00804879394296144,0.0020862427610960493
0.5830000000000004,4.4630289095932,0,0.006961058687205822,-0.005801977828387342,-0.008149770253467404,0.0022577717497477418
0.5840000000000004,4.456458744072837,0,0.006953033366147772,-0.005799815735370722,-0.00802474732576705,0.002162093016620445
0.5850000000000004,4.460632833181787,0,0.006944975641539335,-0.00579775155017928,-0.008057118141054868,0.002064185191441581
0.5860000000000004,4.455429168144272,0,0.006936892079705803,-0.005795513761855153,-0.008082875707921796,0.0022377883241268826
0.5870000000000004,4.461486387670641,0,0.006928906579730589,-0.005793088400105534,-0.007984703041374925,0.002425361749619319
0.5880000000000004,4.468570242130773,0,0.006920808468661891,-0.0057904378699007,-0.008097373176953465,0.002650530204833905
0.5890000000000004,4.4699311603139185,0,0.006912647155194302,-0.005787740160850649,-0.008160736420537508,0.002697709050050734
0.5900000000000004,4.474332756271988,0,0.006904388948926791,-0.005784851182853677,-0.008257847607513632,0.002888977996971971
0.5910000000000004,4.467867700768793,0,0.0068962726901112175,-0.00578205396600829,-0.00811605839837918,0.002797216845386828
0.5920000000000004,4.471589534103563,0,0.006888138811639523,-0.005779348610946613,-0.008133757129828735,0.0027053550616775238
0.5930000000000004,4.46590766302125,0,0.006879991839732003,-0.005776464719890155,-0.008146865606447845,0.002883891056458185
0.5940000000000004,4.471309585953859,0,0.006871771705191456,-0.005773601553449832,-0.00822000309099435,0.00286316644032298
0.5950000000000004,4.466891552871303,0,0.006863506451785356,-0.005770524301894505,-0.008265077617481222,0.0030772515553266835
0.5960000000000004,4.467998290644339,0,0.006855328055249723,-0.005767575902985538,-0.008178091754403967,0.002948398908966636
0.5970000000000004,4.464826819010904,0,0.006847154519021258,-0.005764704766716717,-0.008173037037350499,0.002871136268821524
0.5980000000000004,4.4678303990871875,0,0.006839091650737439,-0.005761501347674945,-0.008062131751095856,0.0032034190417720015
0.5990000000000004,4.4775864244478045,0,0.006830931567020493,-0.005758280670505822,-0.008159267727503293,0.003220677169122818
0.6000000000000004,4.476652904209598,0,0.0068227095809489545,-0.005754855412277443,-0.00822119922097196,0.0034252582283792604
0.6010000000000004,4.484263602455085,0,0.006814396639477288,-0.005751452998523408,-0.00831225105380606,0.0034024137540349456
0.6020000000000004,4.481077951419502,0,0.006806033200672305,-0.005747849734388581,-0.00836288758623567,0.0036032641348264505
0.6030000000000004,4.482241165907139,0,0.006797765958442671,-0.0057443880187920526,-0.008266769700651178,0.0034617155965288235
0.6040000000000004,4.47864404619093,0,0.00678950945404528,-0.005741003937387272,-0.008256039802716027,0.0033840814047808587
0.6050000000000004,4.481002641337681,0,0.006781194438425422,-0.00573748960829329,-0.008314503751320122,0.003514329093981701
0.6060000000000004,4.4791778537765,0,0.00677284657908609,-0.00573397275079823,-0.00834727496570798,0.0035168574950596165
0.6070000000000004,4.482907041489262,0,0.006764406826381877,-0.005730293348586264,-0.008439087670710693,0.0036794022119663455
0.6080000000000004,4.4874224314709465,0,0.006756196868224455,-0.005726573643937587,-0.008209306619187126,0.0037197046486771995
0.6090000000000004,4.486785065103687,0,0.0067478248868058175,-0.005722400811553075,-0.008371364357743685,0.004172832384512215
0.6100000000000004,4.48988342846113,0,0.006739537001243357,-0.005718318925990238,-0.008287312351376985,0.004081885562837
0.6110000000000004,4.488478630655266,0,0.006731261091428885,-0.005714304405035256,-0.008275371471642493,0.004014520954981511
0.6120000000000004,4.491840352603666,0,0.0067229285432348004,-0.005710158902905762,-0.008332038096482303,0.004145502129493904
0.6130000000000004,4.490675334407476,0,0.00671456103483,-0.005706015244210602,-0.008367027585189419,0.004143658695159903
0.6140000000000004,4.494447997193388,0,0.006706101799321276,-0.005701709877058789,-0.008458788629761215,0.004305367151812879
0.6150000000000004,4.487861330264331,0,0.006697769149548511,-0.005697514155876761,-0.008332167316354706,0.004195721182028399
0.6160000000000004,4.492210163750955,0,0.006689226947610535,-0.005692967390285713,-0.008541606915796035,0.00454676559104826
0.6170000000000004,4.487222074653637,0,0.006680802371632336,-0.005688516467904585,-0.008423835455889943,0.004450922381127667
0.6180000000000004,4.493590868790179,0,0.00667250569245829,-0.005683990112308029,-0.008295768630242685,0.0045263555965560295
0.6190000000000004,4.50099242518553,0,0.0066641220924543885,-0.005679287049846979,-0.0083826946299842,0.00470306246105022
0.6200000000000004,4.50274357828156,0,0.006655685764959555,-0.005674574623643924,-0.00843553841066876,0.004712426203055085
0.6210000000000004,4.507466314929653,0,0.0066471645125108616,-0.005669697249484486,-0.008520646488314899,0.004877374159438161
0.6220000000000004,4.501129240249318,0,0.00663878936138213,-0.0056649357649872206,-0.008374680794813818,0.004761484497265052
0.6230000000000004,4.505040513342381,0,0.006630221627372622,-0.005659821129093493,-0.008567320985905121,0.005114635893727938
0.6240000000000004,4.499461800953616,0,0.006621789402323592,-0.005654801807208625,-0.008431818051409733,0.005019321884867922
0.6250000000000004,4.50506125627819,0,0.006613330459387965,-0.005649899477697741,-0.008458503192618597,0.004902329510884061
0.6260000000000004,4.5007448300205875,0,0.0066048425729954945,-0.005644838297238256,-0.008487401001591842,0.00506118045948481
0.6270000000000004,4.507585166337453,0,0.0065962726382449415,-0.0056398217254157315,-0.008569403816377157,0.005016571822524275
0.6280000000000004,4.5037172265366126,0,0.00658765048209824,-0.00563461095794735,-0.008621594776568951,0.005210767468381665
0.6290000000000004,4.505229626175612,0,0.006579299615118426,-0.005629345593813295,-0.008350206768939241,0.0052653641340544635
0.6300000000000004,4.513304317229427,0,0.006570897628133228,-0.005624151493166234,-0.008401335633881018,0.00519410064706103
0.6310000000000004,4.5107716488459175,0,0.006562468504628328,-0.005618798287380932,-0.00842853652474091,0.005353205785302469
0.6320000000000005,4.5173598135831,0,0.006553981913744986,-0.005613488023783056,-0.008486093978002913,0.0053102635978758556
0.6330000000000005,4.513554628406086,0,0.0065454696202326005,-0.005607999386276269,-0.008511900281015438,0.005488637506787485
0.6340000000000005,4.514252808420256,0,0.00653706904017014,-0.005602666475871665,-0.008400213060116015,0.0053329104046035206
0.6350000000000005,4.510776560864944,0,0.006528515788626905,-0.005596969207709936,-0.008552832350142335,0.005697268161728754
0.6360000000000005,4.513091035050692,0,0.006520050444457819,-0.0055914147090131185,-0.00846482450188036,0.0055544986968178445
0.6370000000000005,4.511462828489371,0,0.006511585842821981,-0.0055859660863394845,-0.00846395713059007,0.00544862267363392
0.6380000000000005,4.515347854889795,0,0.006503051511437517,-0.005580413865678545,-0.00853355805398564,0.005552220660939855
0.6390000000000005,4.5149147441306114,0,0.00649447155119422,-0.005574893560309807,-0.008579077732199554,0.005520305368737419
0.6400000000000005,4.51943069357524,0,0.006485950847566483,-0.005569054193722174,-0.008519733155284311,0.005839366587633184
0.6410000000000005,4.524443612128561,0,0.006477516104641274,-0.005563316989569343,-0.008433804242278133,0.005737204152831375
0.6420000000000005,4.523963844091771,0,0.006468907287446024,-0.005557197357910106,-0.00860793971830076,0.006119631659236811
0.6430000000000005,4.527197231168751,0,0.0064603937295884244,-0.005551216968925126,-0.008512759591186804,0.005980388984979691
0.6440000000000005,4.525772441084229,0,0.006451897037048683,-0.0055453417895766025,-0.00849596720956376,0.005875179348523683
0.6450000000000005,4.529109804866662,0,0.0064433501864409526,-0.005539361731412211,-0.008546190727338325,0.005980058164391754
0.6460000000000005,4.527816108400454,0,0.006434773389295391,-0.005533403327846033,-0.008576202041355499,0.005958403566177356
0.6470000000000005,4.531492325720229,0,0.006426113621877751,-0.005527302495954459,-0.008659237605286483,0.006100831891574059
0.6480000000000005,4.524743757782422,0,0.00641758816672665,-0.005521332437084236,-0.008524920167097461,0.00597005887022304
0.6490000000000005,4.528977559187965,0,0.006408863634828926,-0.005515029754740029,-0.008723910925515927,0.006302682344207743
0.6500000000000005,4.523873080263024,0,0.006400263610629385,-0.005508842959289517,-0.008599282355172738,0.006186795450511921
0.6510000000000005,4.530087410266302,0,0.006391634435325023,-0.005502796254868256,-0.008628287920446606,0.006046704421260908
0.6520000000000005,4.537424073847482,0,0.006383070238625897,-0.005496488244403676,-0.008563324923821435,0.006308010464579732
0.6530000000000005,4.539161727740035,0,0.006374470920697667,-0.005490143058592479,-0.008598568711204232,0.006345185811196773
0.6540000000000005,4.543808214797995,0,0.006365792681351383,-0.0054836355917235804,-0.008677676327312242,0.00650746686889879
0.6550000000000005,4.53748991727185,0,0.006357266321371354,-0.005477253624846364,-0.00852593573256193,0.0063819668772160595
0.6560000000000005,4.5413397925914225,0,0.006348560028663603,-0.005470538092160704,-0.008705931008556773,0.006715532685660358
0.6570000000000005,4.535789960396955,0,0.006339994888305338,-0.005463939377114882,-0.008564790190616995,0.0065987150458220525
0.6580000000000005,4.54114109948599,0,0.006331411382803435,-0.005457473666567881,-0.008583126393310138,0.006465710547001215
0.6590000000000005,4.5368807193866685,0,0.006322806474446824,-0.0054508787778425535,-0.008604484486831394,0.006594888725327229
0.6600000000000005,4.543540099779385,0,0.0063141279850314974,-0.005444348509004109,-0.008678019205898023,0.006530268838444812
0.6610000000000005,4.539782413061692,0,0.006305404600693377,-0.005437655529783524,-0.008722880723460363,0.006692979220584809
0.6620000000000005,4.541303099629639,0,0.006296777951724253,-0.005431141392520573,-0.008626050824381637,0.006514137262951004
0.6630000000000005,4.549343468447244,0,0.006288077464407516,-0.005424157830811772,-0.008699890708127895,0.006983561708801336
0.6640000000000005,4.546974597207567,0,0.0062795082678830565,-0.0054172445772997955,-0.008568664870971644,0.006913253511976053
0.6650000000000005,4.55345939151157,0,0.006270919951681184,-0.005410446417587702,-0.008587872839111074,0.006798159712093944
0.6660000000000005,4.5497866587374105,0,0.006262325001484141,-0.00540351596813719,-0.008594607179890724,0.006930449450512008
0.6670000000000005,4.5560155043811035,0,0.006253674092195557,-0.0053966465656764264,-0.008650670068522005,0.006869402460763126
0.6680000000000005,4.551887383722358,0,0.006244995250900656,-0.005389616267523765,-0.008678706613285105,0.007030298152661298
0.6690000000000005,4.552706732400469,0,0.0062364259065312766,-0.005382761963131334,-0.008569234783084958,0.006854304392431114
0.6700000000000005,4.5489836324668,0,0.006227704649691674,-0.00537555845889451,-0.00872109680360718,0.007203504236824067
0.6710000000000005,4.551399195399697,0,0.006219074380423062,-0.005368517552272809,-0.008630008393454396,0.0070409066217011484
0.6720000000000005,4.549669431322979,0,0.006210453479212852,-0.005361603554856821,-0.00862051682696282,0.006913997415988228
0.6730000000000005,4.5535906054950095,0,0.0062017706669001225,-0.005354608795176168,-0.008682301502940769,0.006994759680652336
0.6740000000000005,4.553035857008248,0,0.006193053597488446,-0.005347669249329997,-0.008716450170521467,0.006939545846171291
0.6750000000000005,4.557544578337201,0,0.006184401840613686,-0.005340440998915626,-0.008651050041840858,0.007228250414371279
0.6760000000000005,4.5626723280577615,0,0.006175840759328857,-0.005333348808043412,-0.00856040219035119,0.007092190872214077
0.6770000000000005,4.562135793775455,0,0.006167115687957795,-0.00532590700849323,-0.008724451215530298,0.007441799550181663
0.6780000000000005,4.5654446736605125,0,0.006158492391850695,-0.005318633226052072,-0.008622750823610763,0.0072737824411582205
0.6790000000000005,4.56406628677776,0,0.0061498930899643,-0.005311492616111928,-0.00859882757087698,0.007140609940143629
0.6800000000000005,4.567437737528295,0,0.006141250534552946,-0.00530427640659219,-0.00864214715512183,0.007216209519738358
0.6810000000000005,4.566154525039553,0,0.006132584845486519,-0.005297108555582421,-0.00866534638352251,0.007167851009768494
0.6820000000000005,4.569818828841814,0,0.006123843910255057,-0.00528982805873199,-0.008740659495388749,0.007280496850431591
0.6830000000000005,4.563094620642342,0,0.006115242043266891,-0.005282705548966025,-0.00860158727879315,0.007122509765964714
0.6840000000000005,4.567282968378997,0,0.0061064502126389015,-0.005275282458306515,-0.008791473507893334,0.007423090659509739
0.6850000000000005,4.56219056505644,0,0.0060977865209959495,-0.005268000804986246,-0.008663218933946518,0.007281653320269019
0.6860000000000005,4.568289869937357,0,0.006089099002687719,-0.00526088113480164,-0.008686907650400541,0.0071196701846064706
0.6870000000000005,4.575769667744316,0,0.006080473344821811,-0.005253541101544218,-0.00862506576636713,0.007340033257421767
0.6880000000000005,4.577667179078346,0,0.006071816938400204,-0.005246195983940594,-0.008655938655522824,0.007345117603623635
0.6890000000000005,4.5823054657667734,0,0.006063089707569833,-0.005238722415644997,-0.00872695097687544,0.007473568295597241
0.6900000000000005,4.57605367045737,0,0.006054516456399127,-0.005231400583399069,-0.008573110467527168,0.007321832245927792
0.6910000000000005,4.5798259975782445,0,0.006045773299590851,-0.005223780464100639,-0.008743086906856452,0.007620119298430358
0.6920000000000005,4.574279157730045,0,0.006037172872738998,-0.005216300627804218,-0.008600372738093111,0.0074798362964213425
0.6930000000000005,4.5794051252306875,0,0.006028558635934351,-0.005208973536680665,-0.008614159627144803,0.0073270911235528285
0.6940000000000005,4.575141798141627,0,0.0060199305839848125,-0.005201547809437544,-0.008627931739279131,0.0074257272431208984
0.6950000000000005,4.581624195021415,0,0.006011235966029282,-0.0051942097813045904,-0.008694452673106324,0.007338028132953395
0.6960000000000005,4.577897276778384,0,0.006002505348871321,-0.005186741735813313,-0.008730415050932059,0.00746804549127747
0.6970000000000005,4.579284673000362,0,0.00599387301763394,-0.005179472614241635,-0.008632030920504373,0.007269121571677924
0.6980000000000005,4.576213156001212,0,0.0059850927512645055,-0.005171897539928395,-0.008779811682669024,0.007575074313239706
0.6990000000000005,4.579226538814359,0,0.0059763990893832155,-0.005164513570709058,-0.008693025703862975,0.0073839692193372955
0.7000000000000005,4.589273204076849,0,0.005967797857015139,-0.005157159526340765,-0.008600558083895952,0.007354044368293108
0.7010000000000005,4.588465862733696,0,0.005959180511090115,-0.005149672200913749,-0.008616737423925613,0.007487325427015662
0.7020000000000005,4.596041432391789,0,0.00595050196843843,-0.005142259801561746,-0.00867806233472876,0.007412399352002899
0.7030000000000005,4.5927911330672515,0,0.005941805064741606,-0.005134716184620474,-0.00869658701299959,0.007543616941271987
0.7040000000000005,4.593599197044282,0,0.005933224240289853,-0.0051273657107873665,-0.008580609269761473,0.0073504738331078845
0.7050000000000005,4.589926094972582,0,0.005924513461506188,-0.005119707776698124,-0.008710592925029587,0.00765793408924291
0.7060000000000005,4.591952227936085,0,0.005915899413169579,-0.005112229360962021,-0.008613839299762617,0.00747841573610266
0.7070000000000005,4.589795371081,0,0.005907304464386446,-0.005104891392027929,-0.00859468277077072,0.007337968934092304
0.7080000000000005,4.593306888765822,0,0.005898657195217101,-0.005097498336756808,-0.008646931475813151,0.007393055271120649
0.7090000000000005,4.592367792022005,0,0.005889985707911389,-0.005090176746445296,-0.008671082718206692,0.007321590311511715
0.7100000000000005,4.5966343925738995,0,0.005881236134264375,-0.005082774069582185,-0.008749115767603403,0.007402676863111669
0.7110000000000005,4.590263449683972,0,0.005872619518394917,-0.005075548921706231,-0.00861605432930113,0.0072251478759532625
0.7120000000000005,4.595131845240215,0,0.005863821218349407,-0.00506807163913292,-0.00879757420732451,0.007477282573311629
0.7130000000000005,4.590476176916044,0,0.005855147589374209,-0.005060762131653778,-0.00867272607676044,0.007309507479141657
0.7140000000000005,4.597245772648882,0,0.005846451979216318,-0.0050536474725469465,-0.008694520389581606,0.007114659106831518
0.7150000000000005,4.605076916442803,0,0.0058378172579263135,-0.0050463500807968065,-0.008633606904376995,0.007297391750139999
